-915 143 143 -967 -532 -30 49 363 -884 -99 -205 -426 975 -405 538 -52 380 -609 -451 57 
-266 720 -314 -140 273 454 430 -909 -913 405 -912 -59 844 -6 -732 -323 324 -990 318 -534 
-205 -388 571 -885 809 -992 -28 -193 -127 464 -529 344 230 641 362 492 -539 -363 612 523 
-792 -414 -99 -303 -779 -27 -687 228 -102 235 324 828 -291 -128 827 -803 -479 670 -99 -939 
713 -484 -868 663 481 -467 354 -468 109 -791 -30 -496 -559 -782 -353 622 418 287 -707 -203 
-83 -727 208 111 -204 184 -86 -899 387 737 920 475 -281 143 -699 769 362 -329 96 349 
-343 -998 -276 -521 -105 -570 -745 828 702 59 -578 -335 -682 -666 461 -384 923 -634 -209 21 
710 461 -518 -831 680 -844 -693 661 839 623 310 369 -526 18 250 -8 -673 -400 -808 -553 
-1 368 -340 -998 -998 -759 809 -712 853 508 -801 557 159 -208 166 -811 85 -428 -879 -146 
381 -938 742 -820 257 31 359 777 570 524 -259 273 -65 -103 173 -639 282 -784 86 184 
332 -116 -301 652 285 -351 58 381 -912 754 199 -690 -831 -22 -855 168 458 -953 -367 322 
592 580 -734 -536 -146 113 -90 611 164 -625 -213 -167 151 -97 -861 76 -349 -471 404 587 
-376 29 -169 706 843 -10 -917 570 -725 591 370 -68 -577 -284 -185 770 -610 471 347 226 
-683 872 468 -701 934 974 -930 -99 -787 935 961 -94 -358 -203 -713 890 465 603 290 659 
-809 8 824 865 803 -252 -513 -994 -368 87 -439 -995 899 511 327 201 -92 -542 -17 -322 
913 -396 775 13 -148 -950 403 -37 224 -873 724 600 -545 -721 -850 391 -339 689 770 -168 
-778 61 102 -307 844 537 120 -607 -456 971 533 -126 -241 76 -887 218 -673 745 685 376 
-39 115 806 447 -132 -958 479 -580 708 -88 -107 -841 -552 345 830 -103 486 862 514 920 
441 -405 69 924 206 -500 242 -625 -778 362 925 -411 795 714 13 400 -294 -99 102 45 
-435 146 611 520 -243 747 -817 -232 -180 453 828 -709 -625 269 -887 -512 213 243 147 -803 
